[gd_scene load_steps=13 format=2]

[ext_resource path="res://PlanetMesh.tscn" type="PackedScene" id=1]
[ext_resource path="res://Menu/space.hdr" type="Texture" id=2]
[ext_resource path="res://Menu/MenuPlanet.cs" type="Script" id=3]
[ext_resource path="res://PlanetMesh2.tscn" type="PackedScene" id=4]

[sub_resource type="PanoramaSky" id=1]
panorama = ExtResource( 2 )

[sub_resource type="Environment" id=2]
background_mode = 2
background_sky = SubResource( 1 )

[sub_resource type="Shader" id=3]
code = "shader_type spatial;
render_mode specular_schlick_ggx;

uniform sampler2D noise;
uniform sampler2D gradient;



void vertex() {
// Output:0

}

void fragment() {
// Texture:10
	vec4 noise_read = texture(noise, UV.xy);
	vec3 n_out10p0 = noise_read.rgb;
	float n_out10p1 = noise_read.a;

// Texture:9
	vec4 tex_frg_9_read = texture(gradient, n_out10p0.xy);
	vec3 n_out9p0 = tex_frg_9_read.rgb;
	float n_out9p1 = tex_frg_9_read.a;

// Output:0
	ALBEDO = n_out9p0;

}

void light() {
// Output:0

}
"

[sub_resource type="Gradient" id=4]
offsets = PoolRealArray( 0, 0.2, 0.5, 0.8, 1 )
colors = PoolColorArray( 0.0205497, 0.0110173, 0, 1, 0.719238, 0.385607, 0, 1, 0.339844, 0.226538, 0.0955811, 1, 0, 0, 0, 1, 0.958333, 0.958333, 0.958333, 1 )

[sub_resource type="GradientTexture" id=5]
resource_local_to_scene = true
gradient = SubResource( 4 )

[sub_resource type="OpenSimplexNoise" id=6]
seed = 130
lacunarity = 4.0

[sub_resource type="NoiseTexture" id=7]
seamless = true
noise = SubResource( 6 )

[sub_resource type="ShaderMaterial" id=8]
resource_local_to_scene = true
shader = SubResource( 3 )
shader_param/noise = SubResource( 7 )
shader_param/gradient = SubResource( 5 )

[node name="Background" type="Spatial"]

[node name="Camera" type="Camera" parent="."]
transform = Transform( 0.999982, -0.00379173, -0.0046303, 0.00381422, 0.999981, 0.0048588, 0.00461179, -0.00487637, 0.999977, -0.641889, 0, 3.71502 )
environment = SubResource( 2 )
size = 5.0

[node name="Blue" type="DirectionalLight" parent="."]
transform = Transform( 0.579039, 0, 0.8153, 0, 1, 0, -0.8153, 0, 0.579039, 8.72751, 0, 7.76279 )
light_color = Color( 0, 0.552941, 1, 1 )

[node name="White" type="DirectionalLight" parent="."]
transform = Transform( 0.766, 0, -0.642841, 0, 1, 0, 0.642841, 0, 0.766, -6.29348, 0, 7.76279 )

[node name="PlanetMesh2" parent="." instance=ExtResource( 4 )]

[node name="StaticBody" type="StaticBody" parent="."]
visible = false
script = ExtResource( 3 )

[node name="MeshInstance" parent="StaticBody" instance=ExtResource( 1 )]
material/0 = SubResource( 8 )
